1001231716
120340290
83325092
29992052
1001079448
1000899611
82050902
1001117512
21060000
150150050
29010437
29010437
150140093
29991045
150150061
29992052
21530001
150140057
120340265
150140063
150140069
1001039137
110000184
130350000
780074731
29010448
29991346
21410000
21520000
29990399
21520010
23110079
22610022
22610023
21070056
150100000
150150211
150150224
29990075
1001038273
80012703
1001039145
23160000
24010000
29010184
1000962757
29990931
150150049
83144479
83188788
150150018
150150022
1001039305
27130000
29010000
1001039301
150150030
21310070
21410000
150140047
110000096
1001117513
129600078
129600089
21410204
150150176
23010000
150150272
110000102
150150025
1000854354
150150082
21310070
51001185
1001038201
29010437
21130000
21530001
22620000
1000903666
1000903669
21530093
21530124
22610020
21010657
21030000
199900409
120260064
20100000
21010544
21010546
120260074
110000184
111030000
22360006
120260051
120260004
120260007
29991077
29991377
29010437
120260045
120260001
120260002
111160000
110000099
21530092
110000184
21060200
29991054
29990648
22610000
199900485
20070000
20070003
120260000
120260008
21530065
29991045
1000958942
120260003
21031541
29991045
21060199
29010993
29990075
29991979
1001028460
22360016
29990359
21010401
80095221
21010183
22250025
29010422
780074729
1001030839
29992913
29991045
111070140
111070274
1001030839
80162149
150150174
29010437
21010401
1001028460
20070000
29990885
29010312
29990289
120340190
82000004
111110100
29990215
23110047
130370074
29990833
29990931
29990987
111070086
21030000
29991005
129600025
1001047658
110000162
120340351
83118809
1000947524
24020000
21080049
22360000
90024265
83294312
780074755
1000899611
21070043
29992353
120330012
29990439
22360000
22360016
110000184
120330009
83042993
129600043
120340351
1000899611
83069312
130190273
20070000
20100000
83118809
29990833
150150170
21530124
82005345
82005345
29990648
83325092
29991328
29010437
1001032367
24010000
29991438
29991500
29992103
21530092
21530093
29992131
90024326
21520010
21530064
29992218
21530065
29991377
60017437
29991045
120260065
29992809
21530124
23010000
23110000
83206075
130230000
160020007
111160028
1000899611
29991045
780074733
120260077
21410000
21110158
29990439
29992217
1001032367
29990075
111160003
29991045
60017437
780073747
1001032368
29991005
29991023
29991045
199900409
23110079
1001032365
1001032366
21520000
29991045
130120018
29990648
29990266
1001071690
29991500
83325092
1000903669
29990767
199900408
24020000
29010898
29011372
29013449
29013583
21530092
110000181
111070303
1000968076
1001032342
1000987846
110000180
21070046
199900003
29991045
29990920
111030333
29990833
1001032340
29992218
29991045
29990126
29991058
780073744
24020000
130120051
110000184
1001041888
1001046244
1001042498
120060000
60017437
1001032369
29990648
80086111
140060000
1001032348
29990880
20070000
20100000
21050048
21410000
23130000
23160000
24010000
111070304
29010044
1001065829
111070301
21090000
161000000
29991045
21520000
23130000
29011061
199900130
111090045
1001032368
29990767
29990389
111070302
1001032365
780074727
111030000
21510000
29991312
80150911
129600124
199900182
23030000
1001023603
1000984260
29990648
29992527
21310070
1001080778
150150205
29991346
150150132
780074755
29991436
150150207
22610000
1001030338
29990075
29990075
161000000
21530093
21520010
29011381
22610020
21530092
1001053759
21530001
29991045
20070000
1001105515
1000958942
1001062491
83110326
29992913
1000982184
29992815
130490006
80038911
1000987846
21310070
129600048
150150204
1001098473
1001167109
29990075
1001040941
1001144249
21510000
1001158737
21530092
1001168108
29991071
83004856
120340351
1001159293
29011381
150150077
21530124
150150245
1001026049
21070043
1001155661
1001053134
22360006
1000982184
29990931
29010437
60017437
83149579
1001041888
150150184
80004301
1001098451
29993011
29010006
111160000
1001167109
129600138
1001221304
80013132
29991023
1001221304
1001168009
29990987
29991045
29013715
1001233548
111160000
1001167109
1001158733
21530001
1001076454
111010000
1001073059
129600046
80028472
199900383
29990439
1001178165
150150221
120340315
29010437
1000919010
29990987
111010000
29990457
120340242
120340004
129600036
1001065569
29991377
1000982689
29010184
1001254788
83333851
129600119
1001007878
29990833
1000983386
29011226
1001168060
23130000
29990931
29992866
1001167772
129600387
1001032361
60064983
1001069883
1001167109
199900409
1001206150
21010000
1001214258
1001282876
1001095004
129600195
1001392089
21060034
1001386373
29992563
22610006
1001032358
29992563
120340167
110000099
29990987
1001038116
1001167109
29013583
90024326
29013387
1001364221
83069312
1001389928
199900409
29992460
1000899611
83206545
1001244914
21010282
1001168065
90024326
83091912
1001245387
129600252
1001420663
1001027219
129600129
29992331
1001176951
1000965609
1001257124
29992563
1001096253
1000957238
1001266116
90024326
24020000
1001032358
1001371423
1001176951
1001038116
111160028
1001298776
160020007
24020000
1001275107
83244443
29992658
120330012
1001168126
29990880
29992866
83069312
1001158733
129600030
83207732
21010000
23130000
20070000
1001264562
120340349
29991045
1001206057
83271400
1001158737
1001260954
80078424
1001282490
129600049
199900409
29990767
1001326882
120340080
80061705
120340038
1001105759
150150202
110000184
1001038116
120340192
129600318
1000968076
1001245383
1001245378
111160003
83310058
1001167748
111010000
150150228
111010000
1001058718
60065766
1001317479
83211936
1001041888
1001369351
1001041888
23160000
29991045
83208352
60017437
29010401
120340280
80013132
80119066
1001039139
1001498569
1001001735
1001025777
129600023
129600086
23160000
21070000
90024326
24020000
1001041888
60017437
1001495688
23160000
60017437
1001206150
199900485
199900409
1001206150
60017437
21530124
60017736
1001206150
1001206150
120260077
199900485
1001188432
199900408
111160003
1001298291
1001643141
1001032358
1001032358
780074755
120260008
83325092
120340276
199900408
24020000
24020000
199900438
29990833
1001041888
83208352
24020000
1001167748
1001041888
1000936130
1001206150
1001644581
1000919010
1000986223
83325092
120340133
21530092
29990648
1001028460
111160003
21530092
60064983
1001497148
83211936
120260051
1000945744
1000854400
60017736
60064983
120260053
29990439
83208352
83023873
29990767
29990767
1000899611
83042993
60017437
1001171481
1001505988
1000987646
29010184
29990648
111160003
120260051
1001300637
1000987646
21310070
1001151372
21010000
1001413468
29990880
29990833
199900408
23140007
21070043
82027249
21530092
90024326
90024326
23140007
29991005
29992563
1000962625
21410000
29013449
29990075
21070043
21520000
83042993
120340148
120340279
22270000
83236734
29990880
29992866
1001159653
20070000
29990648
29990853
29991045
1001147686
21530092
1001158737
21530092
120260051
1001158733
21010000
29013583
29990439
24020000
90024127
199900485
29990833
83027564
1001178452
21530092
111160003
120340351
23130012
29992563
1001032358
150150162
29991071
24020000
29992742
1001032367
1001567969
110000184
29990880
1000919010
90024326
83211936
29990439
1000990973
1000903669
199900408
60017437
29990439
52000154
199900408
21530092
111160003
120340351
21520010
29991023
1000899611
21530093
24010000
1001032359
199900408
83069312
21310070
1001373056
120260008