1890364.21
7.75
3916353.94
110.85
18.68
1592872.67
411.59
0.01
1.43
13.90
81555555.56
109335483.61
0.52
2.65
3.33
240.30
-6.81
3.48
25.66
24.15
0.11
0.02
8858212.88
0.09
37.82
0.06
-28.08
37.05
90.62
4.24
216.11
116.92
1209.14
600.39
104.34
15392.48
0.04
234.03
37.39
2.38
0.09
5.94
0.10
892.78
2699.03
72.00
0.10
243.10
0.16
5.42
33.83
0.03
24338.10
73.97
21.46
149.23
0.02
5.38
0.05
0.02
0.64
0.04
99.64
5604.97
0.03
0.03
611.03
9.33
66.21
0.48
111.87
0.15
190.45
3.45
1054.16
51249999.99
68.67
17.38
90.99
4.78
3060.19
248.84
33.02
12.87
312.40
11.87
18924.62
1176.76
83.56
6.80
13.98
0.59
72.92
7.56
6.20
94.61
1.70
85.04
76.17
40.24
248.39
2071.01
160.05
0.27
45.92
55.78
3361.32
0.21
3.47
0.70
15.00
12.37
117.25
151.97
168.51
118.50
306.04
0.32
3922.33
0.53
24.18
33.03
416666.67
0.02
389.80
433.14
0.81
181250.00
15.78
0.21
428125.00
0.74
1.94
23.93
42.83
132.94
2296.05
55.46
0.12
1.34
0.28
24691.50
2.61
0.12
32461.20
2252.78
761.53
6.06
43.37
0.06
214.72
21.04
323993.38
877.49
0.24
0.33
-0.15
773.58
78.23
72.82
0.42
-9.91
28.57
3.11
2.83
4751.85
4099565.21
1233.76
15.98
0.03
19362.93
536409.72
1067.05
11273.63
26729.03
82211.23
7.23
0.12
8878.69
2293.71
108.23
54.22
0.06
416.49
15716.46
0.28
443140.21
1169612.37
1515.97
0.01
108.97
354.43
303373.99
46.86
22.59
115.13
801458.36
1511.25
4044.47
0.27
1.93
10218194.44
42.91
0.69
42.18
2.40
0.72
19687.64
317.49
713.88
4.19
670.86
369.17
580.59
7861.11
1980.08
392372.24
147777.78
1.42
457.20
31483.62
218.03
4362.57
145.61
133.41
3652.37
45.33
0.01
146708.27
0.06
17.53
4434.04
8.28
3308.27
0.02
1777.80
214981.58
208091.28
94.38
469.75
0.01
4732.02
3257.32
0.10
70000.00
1503.72
1419.15
1071573.81
1479.17
29084.59
0.01
0.05
83265.80
2620.34
0.14
11.91
48.61
27603.26
355905.25
16.59
418.55
99.08
121.43
16978.99
1.68
10.05
79.44
9.50
71217.57
0.07
78.39
0.02
-57.92
4.33
730313.89
0.09
0.89
309.17
4954.76
0.21
38736.81
3.77
12.70
0.23
87.00
0.15
293.14
8021.43
7097.47
0.53
-0.87
420000.00
928.83
-39.68
0.23
20.87
941.70
1799.64
9793.48
36.81
2672.51
23554.20
0.62
767.79
22841.25
7.78
4.68
2493.23
2.22
0.75
4809.22
10295.79
42041.78
248786.76
15.77
0.34
0.01
-4732.02
-7042142.88
0.01
82.25
-1071573.81
5555.56
0.15
174.25
6.04
0.84
4.05
0.01
0.07
9846.10
0.01
0.04
0.07
3290.63
1754.75
8.34
26.96
1.69
375000.00
-26.53
18.43
0.04
0.09
32300.00
293625.00
38750.00
0.01
0.05
14847.04
0.01
52582.47
0.19
0.01
0.47
0.40
307.34
0.91
0.15
2391.27
0.01
76.34
4112.69
298.10
23.34
71.20
5.37
0.10
50.72
148.81
3.57
33412.50
7001.97
0.01
0.79
751.78
0.68
95.08
0.20
0.91
3570677.69
18750.00
74.73
51.61
0.04
0.04
7.53
181.85
4169.59
672.98
0.05
0.01
0.04
51333333.34
127896.67
8.69
4365.08
0.64
0.05
298.15
5.20
1.66
83866.67
498033.59
0.12
0.98
8.90
0.34
6.52
0.04
4484.91
356936.67
-0.01
18.68
218.47
57765.95
3586.45
2165.32
101.78
77.60
0.03
0.35
0.97
36.69
600.33
141.04
0.14
452.06
602639.22
16.82
8.07
15827.47
27.56
0.08
0.01
0.14
0.03
701.99
1.67
0.63
6.66
4657.14
14.82
0.50
1120.84
411.28
2.10
0.09
14.58
3473.77
5722.25
0.05
0.17
28.13
27.24
13.36
1554.55
252086.55
32.01
3524514.82
1554.91
0.06
1119.74
1404.39
2.03
30.49
14.93
44425.74
0.11
1385.33
263.64
10.81
183.90
31823.95
2.33
16016.66
157.56
159000.00
16.53
76.30
81483.77
474.70
1149379.84
91.53
375833.33
25.85
3.21
0.39
2.93
56333.33
4.60
8.82
718.54
1154.63
112.50
0.11
25.32
0.16
0.67
0.02
577.83
0.24
6321011.77
24.80
18000.00
441919.97
3373.41
43.81
247.00
539.07
5040.75
758.19
35515.96
342523.28
381.56
0.09
1826.22
475.01
12.90
297.25
15.16
1068914.63
597815.07
33.30
0.06
397.75
6875000.00
1514.34
3.57
17.20
279000.00
0.02
0.01
830.91
508.86
608.15
73.01
0.01
108333.34
6686237.63
4.11
1572.82
0.27
0.32
0.19
822.62
0.52
4.07
214.20
315.10
1.96
19.28
7.87
936.44
0.01
0.06
876.26
921.15
102099.50
2339.13
2.46
12.50
229377.78
587250.00
164.29
15774.75
740.67
120000.00
1192625.00
30000.00
0.13
1.52
516.67
0.03
0.01
0.03
0.02
-0.34
19.44
0.19
559.51
70.43
10555.56
85148.10
705084.25
93333.33
4.93
536.67
357500.00
968.53
6935.44
338250.00
37466.67
196555.56
35911.11
131.27
42406.96
12562.50
881.06
2921.36
0.06
179626.38
47500.00
69981.68
0.09
1313.16
4801.20
550000.00
25000.00
15843227.49
1.29
130331.79
1348210.30
244039.52
0.01
479305.56
51426.67
1195833.33
576509.17
61.73
16800.00
210.70
83780.07
0.44
4651.11
8.00
26829.14
0.27
3.44
124800.00
13864.55
1969333.34
87500.00
923.61
4802.99
88750.00
4236.39
0.91
-1.03
70000.00
0.01
17.06
7.19
20020.98
15.37
4869327.57
-4869327.57
7168.11
619.39
380000.00
21844.36
256.69
0.05
19181.92
717927.77
3352666.67
1710.92
47.43
26.93
0.02
7.80
214400.00
0.01
15.75
444634.04
820217.15
2291666.67
648.63
0.85
23750.00
10000.00
10000.00
8.07
61970.89
69458.32
1.33
0.01
0.49
0.26
28.62
30.86
0.15
0.05
639.91
-13.76
99.12
3.87
0.20
50.60
0.33
234.67
0.03
151180.80
0.13
38888.89
55385.84
10500.00
2066.64
1263.71
114591.51
55894.98
5696.23
14.96
1138.08
6666.67
4.68
0.09
110.60
71875.00
95000.00
161679.75
0.03
1115839.96
423466.86
0.03
85.27
1890746.27
175.53
3.23
154.21
963465.55
21724.55
121.90
16111.12
187835.50
631.95
0.56
218691.66
11651838.86
5588222.22
9761.61
84.46
149.08
46666.67
0.17
289094.39
3.76
13.15
6.40
6.02
0.05
0.07
7.94
485.08
0.07
179.04
17500.00